10
20
-188 -666 483 642 273 -32 208 664 655 -954 -612 -974 -739 -74 -781 -825 -166 -529 -3 906 
20
-20 353 -488 -334 -835 -31 -622 620 181 861 771 444 770 153 847 571 441 203 -155 166 
20
-415 810 233 196 412 674 294 646 906 445 135 -908 344 244 615 -828 -704 10 989 113 
20
510 391 -961 58 -22 -172 926 -353 772 -415 44 -988 633 809 -602 -186 661 696 -685 -590 
20
-803 275 516 -941 -90 193 -685 692 440 -957 -793 -230 485 -572 630 540 -612 228 978 -340 
20
364 20 192 479 -108 -936 235 835 47 -280 -702 277 336 -680 344 306 -708 -679 -331 268 
20
558 541 203 -319 470 411 612 -13 785 -642 -907 452 -963 526 680 -63 325 579 -763 -151 
20
255 140 767 870 989 -352 -905 -31 -150 -379 -843 803 618 -852 -334 935 -14 -190 860 -955 
20
-192 -847 248 -654 -582 -893 -260 -365 199 382 -983 911 995 224 723 451 -779 157 -425 -871 
20
926 -761 -385 -478 883 6 309 911 -328 -309 99 795 -927 -885 -19 410 857 -926 -665 728 
